##time cpu memory heapTotal heapUsed
6000 23.65 68.41 57.48 30.53
11000 0.00 68.41 57.48 30.56
16000 0.00 68.41 57.48 30.58
21000 0.00 68.41 57.48 30.60
26000 0.20 68.41 57.48 30.62
31000 0.00 68.41 57.48 30.63
36000 0.00 68.41 57.48 30.65
41000 0.00 68.41 57.48 30.67
46000 0.20 68.41 57.48 30.69
51000 0.00 68.41 57.48 30.70
56000 0.00 68.41 57.48 30.72
61000 0.00 68.41 57.48 30.74
66000 0.20 68.41 57.48 30.75
71000 0.00 68.41 57.48 30.77
76000 0.20 68.41 57.48 30.79
81000 0.00 68.41 57.48 30.80
86000 0.00 68.41 57.48 30.82
91000 1.20 69.29 57.48 33.55
96000 15.20 81.25 68.26 37.56
101000 9.00 83.05 69.24 26.44
106000 2.00 83.05 69.24 27.26
111000 2.00 83.31 69.24 28.09
116000 1.80 83.31 69.24 28.68
121000 2.20 83.31 69.24 29.47
126000 2.20 83.57 69.24 30.20
131000 1.80 83.57 69.24 30.83
136000 1.80 83.57 69.24 31.41
141000 2.20 83.57 69.24 32.05
146000 2.20 83.57 69.24 32.87
151000 1.80 83.57 69.24 33.50
156000 2.00 83.57 69.24 34.17
161000 1.80 83.57 69.24 34.76
166000 2.00 83.57 69.24 35.40
171000 2.20 83.57 69.24 36.23
176000 2.00 83.57 69.24 36.91
181000 2.00 83.57 69.24 23.10
186000 1.60 83.57 69.24 23.66
191000 1.60 83.57 69.24 24.25
196000 2.60 83.83 69.24 25.09
201000 1.80 83.83 69.24 25.72
206000 2.20 83.83 69.24 26.41
211000 1.60 83.83 69.24 26.96
216000 1.80 83.83 69.24 27.55
221000 2.40 83.83 69.24 28.39
226000 1.80 83.83 69.24 29.01
231000 1.80 83.83 69.24 29.61
236000 2.00 83.83 69.24 30.21
241000 1.60 83.83 69.24 30.80
246000 2.40 84.09 69.24 31.63
251000 2.40 84.09 69.24 32.41
256000 1.80 84.34 69.24 33.04
261000 1.80 84.34 69.24 33.61
266000 1.80 84.60 69.24 34.23
271000 2.40 84.60 69.24 35.12
276000 1.60 85.12 69.24 35.71
281000 1.80 85.12 69.24 36.31
286000 2.00 85.38 69.24 36.98
291000 1.60 85.38 69.24 23.12
296000 2.40 85.38 69.24 23.93
301000 2.20 85.38 69.24 24.69
306000 1.60 85.63 69.24 25.29
311000 1.80 85.63 69.24 25.86
316000 2.00 85.89 69.24 26.49
321000 2.40 85.89 69.24 27.35
326000 2.00 85.89 69.24 28.06
331000 2.00 85.89 69.24 28.75
336000 2.00 85.89 69.24 29.38
341000 1.80 85.89 69.24 29.98
346000 2.20 85.89 69.24 30.80
351000 2.00 85.89 69.24 31.49
356000 2.00 85.89 69.24 32.10
361000 1.80 85.89 69.24 32.71
366000 1.80 85.89 69.24 33.30
371000 2.20 85.89 69.24 34.12
376000 1.80 85.89 69.24 34.79
381000 2.00 85.89 69.24 35.42
386000 1.60 85.89 69.24 35.96
391000 1.80 85.89 69.24 36.59
396000 2.40 85.89 69.24 37.36
401000 2.20 85.89 69.24 38.16
406000 1.80 85.89 69.24 38.75
411000 2.00 85.89 69.24 23.67
416000 2.00 85.89 69.24 24.30
421000 2.00 85.89 69.24 25.11
426000 1.80 85.89 69.24 25.75
431000 1.80 85.89 69.24 26.35
436000 2.20 85.89 69.24 27.01
441000 1.60 85.89 69.24 27.57
446000 2.20 85.89 69.24 28.39
451000 2.20 86.07 69.24 29.07
456000 2.00 86.07 69.24 29.72
461000 1.60 86.07 69.24 30.32
466000 1.80 86.07 69.24 30.88
471000 2.40 86.07 69.24 31.73
476000 2.20 86.07 69.24 32.49
481000 1.80 86.07 69.24 33.08
486000 1.80 86.07 69.24 33.75
491000 1.80 86.07 69.24 34.30
496000 2.20 86.07 69.24 35.11
501000 2.20 86.07 69.24 35.84
506000 1.40 86.07 69.24 36.34
511000 2.20 86.07 69.24 37.01
516000 1.80 86.07 69.24 37.62
521000 2.00 86.07 69.24 38.39
526000 2.20 86.07 69.24 23.44
531000 1.80 86.07 69.24 24.04
536000 1.80 86.07 69.24 24.65
541000 1.80 86.07 69.24 25.24
546000 2.20 86.07 69.24 26.03
551000 2.40 86.07 69.24 26.83
556000 1.80 86.07 69.24 27.47
561000 2.00 86.07 69.24 28.11
566000 1.80 86.07 69.24 28.68
571000 2.40 86.07 69.24 29.52
576000 2.00 86.07 69.24 30.21
581000 1.60 86.07 69.24 30.78
586000 2.00 86.07 69.24 31.44
591000 1.80 86.07 69.24 32.04
596000 2.20 86.07 69.24 32.79
601000 2.00 86.07 69.24 33.51
606000 1.60 86.07 69.24 34.07
611000 2.20 86.07 69.24 34.75
616000 1.80 86.07 69.24 35.36
621000 2.20 86.07 69.24 36.18
626000 2.20 86.07 69.24 36.92
631000 1.80 86.07 69.24 37.52
636000 2.00 86.07 69.24 38.14
641000 1.80 86.07 69.24 38.76
646000 2.00 86.07 69.24 23.83
651000 2.20 86.07 69.24 24.57
656000 1.80 86.07 69.24 25.15
661000 2.20 86.07 69.24 25.88
666000 1.80 86.07 69.24 26.46
671000 2.00 86.07 69.24 27.23
676000 1.80 86.07 69.24 27.87
681000 2.00 86.07 69.24 28.54
686000 1.60 86.07 69.24 29.09
691000 2.00 86.07 69.24 29.71
696000 2.20 86.07 69.24 30.53
701000 2.40 86.07 69.24 31.31
706000 1.60 86.07 69.24 31.88
711000 2.00 86.07 69.24 32.51
716000 1.80 86.07 69.24 33.13
721000 2.40 86.07 69.24 33.97
726000 2.00 86.07 69.24 34.67
731000 1.60 86.07 69.24 35.25
736000 2.00 86.07 69.24 35.87
741000 1.80 86.07 69.24 36.51
746000 2.00 86.07 69.24 37.26
751000 2.20 86.07 69.24 38.00
756000 1.80 86.07 69.24 38.59
761000 1.80 86.07 69.24 23.48
766000 1.80 86.07 69.24 24.08
771000 2.20 86.07 69.24 24.88
776000 2.20 86.07 69.24 25.59
781000 2.00 86.07 69.24 26.25
786000 1.80 86.07 69.24 26.88
791000 1.80 86.07 69.24 27.47
796000 2.20 86.07 69.24 28.28
801000 2.00 86.07 69.24 28.99
806000 1.80 86.07 69.24 29.57
811000 2.00 86.07 69.24 30.21
816000 1.60 86.07 69.24 30.78
821000 2.20 86.07 69.24 31.59
826000 2.00 86.07 69.24 32.27
831000 2.00 86.07 69.24 32.87
836000 1.60 86.07 69.24 33.42
841000 1.40 86.07 69.24 33.86
846000 1.60 86.07 69.24 34.49
851000 1.40 86.07 69.24 35.02
856000 1.00 86.07 69.24 35.31
861000 0.80 86.07 69.24 35.53
866000 0.40 86.07 69.24 35.71
871000 0.80 86.07 69.24 36.08
876000 0.40 86.07 69.24 36.25
881000 0.40 86.07 69.24 36.28
886000 0.00 86.07 69.24 36.31
891000 0.20 86.07 69.24 36.33
896000 0.20 86.07 69.24 36.54
901000 0.40 86.07 69.24 36.66
906000 0.00 86.07 69.24 36.67
911000 0.00 86.07 69.24 36.69
916000 0.00 86.07 69.24 36.71
921000 0.40 86.32 69.24 36.91
926000 0.40 86.32 69.24 37.04
931000 0.20 86.32 69.24 37.05
936000 0.00 86.32 69.24 37.07
941000 0.00 86.32 69.24 37.09
946000 0.40 86.32 69.24 37.30
951000 0.40 86.32 69.24 37.42
956000 0.00 86.32 69.24 37.44
961000 0.00 86.32 69.24 37.45
966000 0.00 86.32 69.24 37.47
971000 0.40 86.32 69.24 37.67
976000 0.20 86.58 69.24 37.80
981000 0.00 86.58 69.24 37.81
986000 0.80 86.84 69.24 39.77
991000 0.20 86.84 69.24 39.79
996000 0.00 86.84 69.24 39.81
1002000 0.00 86.84 69.24 39.83
1007000 0.20 86.84 69.24 39.85
1012000 0.00 86.84 69.24 39.86
1017000 0.00 86.84 69.24 24.39
1022000 0.20 86.84 69.24 24.41
1027000 0.00 86.84 69.24 24.43
1032000 0.00 86.84 69.24 24.44
1037000 0.00 86.84 69.24 24.46
1042000 0.00 86.84 69.24 24.48
1047000 0.20 86.84 69.24 24.49
1052000 0.00 86.84 69.24 24.51
1057000 0.00 86.84 69.24 24.53
